     0.00750    2.524137
     0.00950    1.262997
     0.01150    9.006476
     0.01350    5.992010
     0.01550    4.262745
     0.01750    3.234263
     0.01950    2.529954
     0.02150    1.787748
     0.02350    1.624332
     0.02550    1.148836
     0.02750    1.153644
     0.02950    8.795720
     0.03150    8.045402
     0.03350    4.261839
     0.03550    5.436993
     0.03750    3.151387
     0.03950    3.835768
     0.04150    4.430583
     0.04350    3.218082
     0.04550    2.372861
     0.04750    2.551568
     0.04950    2.645203
     0.05150    1.920530
     0.05350    8.172154
     0.05550    3.270298
     0.05750    6.621152
     0.05950    1.057553
     0.06150    6.426781
     0.06350    1.122069
     0.06550    1.172662
     0.06750    1.465115
     0.06950    9.677380
     0.07150    8.877099
     0.07350    1.212665
     0.07550    1.238954
     0.07750    1.334918
     0.07950    9.999931
     0.08150    2.644628
     0.08350   -1.327842
     0.08550    1.484662
     0.08750    3.054321
     0.08950    4.772604
     0.09150    2.667010
     0.09350    4.423261
     0.09550    5.646318
     0.09750    3.373086
     0.09950    1.982838
     0.10150    7.575750
     0.10350    4.145652
     0.10550    1.862884
     0.10750   -5.736947
     0.10950   -9.433419
     0.11150    9.724200
     0.11350    1.720428
     0.11550    4.212379
     0.11750    5.094588
     0.11950    1.306069
     0.12150    8.807808
     0.12350    4.455000
     0.12550    6.573200
     0.12750   -8.642375
     0.12950   -2.980530
     0.13150   -1.259774
     0.13350    1.253605
     0.13550    9.445876
     0.13750    9.556800
     0.13950    5.420655
     0.14150    1.573026
     0.14350    1.175642
     0.14550   -1.136631
     0.14750    3.770560
     0.14950    4.716218
     0.15150   -4.730463
     0.15350   -6.689608
     0.15550   -7.378459
     0.15750    1.352102
     0.15950    5.309105
     0.16150    1.352519
     0.16350    2.252460
     0.16550   -6.430686
     0.16750   -9.730697
     0.16950   -8.003443
     0.17150   -6.700039
     0.17350   -5.145520
     0.17550    6.938130
     0.17750    1.617575
     0.17950    3.056493
     0.18150    3.301290
     0.18350    3.427780
     0.18550    2.761817
     0.18750    2.382526
     0.18950    1.821911
     0.19150    9.049654
     0.19350    2.616614
     0.19550    1.763186
     0.19750    9.497553
     0.19950    5.093843
     0.20150    3.936291
     0.20350   -5.024496
     0.20550   -5.479142
