1.0 34.5
2.0 35.5
3.0 36.5
4.0 37.5
5.0 38.5
4.0 39.5
7.0 40.5
8.0 41.5
9.0 41.3
10.0 41.2
11.0 41.1
12.0 41.0
13.0 40.9
14.0 40.85
15.0 40.83
16.0 40.7
17.0 40.67
18.0 40.60
19.0 40.55
20.0 40.32
21.0 39.4
22.0 39.3
23.0 39.3
24.0 38.7
25.0 35.6
26.0 33.1
27.0 30.0
28.0 27.6
29.0 25.5
30.0  25.3 
31.0  25.1
32.0  25.05
33.0  24.96
34.0  24.90
35.0  24.8
36.0  24.5
37.0  24.1
38.0  24.0
39.0  23.5
40.0  23.3
41.0  23.1
42.0  22.6
43.0  22.5
44.0  22.45
45.0  22.9
46.0  22.98
47.0  22.94
48.0  22.9
49.0  22.8
50.0  22.78
51.0  22.7
52.0  22.56
53.0  22.45
55.0  22.32
56.0  22.1
57.0  21.9
58.0  21.89
59.0  21.7
60.0  21.6
61.0  21.6
