     0.00750    2.524137E+00    4.558798E-01
     0.00950    1.262997E+00    1.416886E-01
     0.01150    9.006476E-01    6.800877E-02
     0.01350    5.992010E-01    4.569726E-02
     0.01550    4.262745E-01    3.201208E-02
     0.01750    3.234263E-01    2.424615E-02
     0.01950    2.529954E-01    2.052348E-02
     0.02150    1.787748E-01    1.781422E-02
     0.02350    1.624332E-01    1.579010E-02
     0.02550    1.148836E-01    1.437476E-02
     0.02750    1.153644E-01    1.352496E-02
     0.02950    8.795720E-02    1.278281E-02
     0.03150    8.045402E-02    1.223307E-02
     0.03350    4.261839E-02    1.175146E-02
     0.03550    5.436993E-02    1.138304E-02
     0.03750    3.151387E-02    1.100027E-02
     0.03950    3.835768E-02    1.063944E-02
     0.04150    4.430583E-02    1.037710E-02
     0.04350    3.218082E-02    1.016222E-02
     0.04550    2.372861E-02    9.925105E-03
     0.04750    2.551568E-02    9.827198E-03
     0.04950    2.645203E-02    9.775952E-03
     0.05150    1.920530E-02    9.749161E-03
     0.05350    8.172154E-03    9.722957E-03
     0.05550    3.270298E-03    9.713326E-03
     0.05750    6.621152E-03    9.725761E-03
     0.05950    1.057553E-02    9.881951E-03
     0.06150    6.426781E-03    9.929204E-03
     0.06350    1.122069E-02    9.963570E-03
     0.06550    1.172662E-02    1.001339E-02
     0.06750    1.465115E-02    1.014016E-02
     0.06950    9.677380E-03    1.025350E-02
     0.07150    8.877099E-03    1.044193E-02
     0.07350    1.212665E-02    1.061606E-02
     0.07550    1.238954E-02    1.086083E-02
     0.07750    1.334918E-02    1.076925E-02
     0.07950    9.999931E-03    1.077208E-02
     0.08150    2.644628E-03    1.085559E-02
     0.08350   -1.327842E-03    1.099194E-02
     0.08550    1.484662E-03    1.091659E-02
     0.08750    3.054321E-03    1.092504E-02
     0.08950    4.772604E-03    1.082846E-02
     0.09150    2.667010E-03    1.090301E-02
     0.09350    4.423261E-03    1.105682E-02
     0.09550    5.646318E-03    1.132148E-02
     0.09750    3.373086E-03    1.142674E-02
     0.09950    1.982838E-03    1.160698E-02
     0.10150    7.575750E-04    1.174957E-02
     0.10350    4.145652E-03    1.193421E-02
     0.10550    1.862884E-03    1.205664E-02
     0.10750   -5.736947E-03    1.215292E-02
     0.10950   -9.433419E-03    1.226632E-02
     0.11150    9.724200E-04    1.241444E-02
     0.11350    1.720428E-03    1.253996E-02
     0.11550    4.212379E-03    1.268739E-02
     0.11750    5.094588E-03    1.287563E-02
     0.11950    1.306069E-02    1.304752E-02
     0.12150    8.807808E-03    1.320289E-02
     0.12350    4.455000E-03    1.340797E-02
     0.12550    6.573200E-04    1.365491E-02
     0.12750   -8.642375E-04    1.382789E-02
     0.12950   -2.980530E-03    1.419905E-02
     0.13150   -1.259774E-03    1.439329E-02
     0.13350    1.253605E-03    1.466493E-02
     0.13550    9.445876E-03    1.487120E-02
     0.13750    9.556800E-03    1.523577E-02
     0.13950    5.420655E-03    1.545333E-02
     0.14150    1.573026E-03    1.589811E-02
     0.14350    1.175642E-03    1.618259E-02
     0.14550   -1.136631E-03    1.677293E-02
     0.14750    3.770560E-03    1.684552E-02
     0.14950    4.716218E-04    1.748317E-02
     0.15150   -4.730463E-03    1.759708E-02
     0.15350   -6.689608E-03    1.826631E-02
     0.15550   -7.378459E-03    1.863585E-02
     0.15750    1.352102E-03    1.952413E-02
     0.15950    5.309105E-03    1.994570E-02
     0.16150    1.352519E-03    2.075163E-02
     0.16350    2.252460E-04    2.138001E-02
     0.16550   -6.430686E-03    2.227084E-02
     0.16750   -9.730697E-03    2.294490E-02
     0.16950   -8.003443E-03    2.402226E-02
     0.17150   -6.700039E-03    2.496672E-02
     0.17350   -5.145520E-03    2.604277E-02
     0.17550    6.938130E-03    2.723634E-02
     0.17750    1.617575E-02    2.903346E-02
     0.17950    3.056493E-02    3.068510E-02
     0.18150    3.301290E-02    3.222708E-02
     0.18350    3.427780E-02    3.455633E-02
     0.18550    2.761817E-02    3.677746E-02
     0.18750    2.382526E-02    4.048926E-02
     0.18950    1.821911E-02    4.298373E-02
     0.19150    9.049654E-03    4.827023E-02
     0.19350    2.616614E-02    4.986029E-02
     0.19550    1.763186E-02    5.863970E-02
     0.19750    9.497553E-03    6.107713E-02
     0.19950    5.093843E-03    7.304379E-02
     0.20150    3.936291E-03    7.586921E-02
     0.20350   -5.024496E-02    1.046738E-01
     0.20550   -5.479142E-02    1.093811E-01
